         207  Number of Points
         409  Number of Cells
           2  Number of Boundary Curves
         120  Number of Edges Belong to Each Curves
          84  Number of Edges Belong to Each Curves
           2           1
           3           2
           4           3
           5           4
           6           5
           7           6
           8           7
           9           8
          10           9
          11          10
          12          11
          13          12
          14          13
          15          14
          16          15
          17          16
          18          17
          19          18
          20          19
          21          20
          22          21
          23          22
          24          23
          25          24
          26          25
          27          26
          28          27
          29          28
          30          29
          31          30
          32          31
          33          32
          34          33
          35          34
          36          35
          37          36
          38          37
          39          38
          40          39
          41          40
          42          41
          43          42
          44          43
          45          44
          46          45
          47          46
          48          47
          49          48
          50          49
          51          50
          52          51
          53          52
          54          53
          55          54
          56          55
          57          56
          58          57
          59          58
          60          59
          61          60
          62          61
          63          62
          64          63
          65          64
          66          65
          67          66
          68          67
          69          68
          70          69
          71          70
          72          71
          73          72
          74          73
          75          74
          76          75
          77          76
          78          77
          79          78
          80          79
          81          80
          82          81
          83          82
          84          83
          85          84
          86          85
          87          86
          88          87
          89          88
          90          89
          91          90
          92          91
          93          92
          94          93
          95          94
          96          95
          97          96
          98          97
          99          98
         100          99
         101         100
         102         101
         103         102
         104         103
         105         104
         106         105
         107         106
         108         107
         109         108
         110         109
         111         110
         112         111
         113         112
         114         113
         115         114
         116         115
         117         116
         118         117
         119         118
         120         119
           1         120
         122         121
         123         122
         124         123
         125         124
         126         125
         127         126
         128         127
         129         128
         130         129
         131         130
         132         131
         133         132
         134         133
         135         134
         136         135
         137         136
         138         137
         139         138
         140         139
         141         140
         142         141
         143         142
         144         143
         145         144
         146         145
         147         146
         148         147
         149         148
         150         149
         151         150
         152         151
         153         152
         154         153
         155         154
         156         155
         157         156
         158         157
         159         158
         160         159
         161         160
         162         161
         163         162
         164         163
         165         164
         166         165
         167         166
         168         167
         169         168
         170         169
         171         170
         172         171
         173         172
         174         173
         175         174
         176         175
         177         176
         178         177
         179         178
         180         179
         181         180
         182         181
         183         182
         184         183
         185         184
         186         185
         187         186
         188         187
         189         188
         190         189
         191         190
         192         191
         193         192
         194         193
         195         194
         196         195
         197         196
         198         197
         199         198
         200         199
         201         200
         202         201
         203         202
         204         203
         121         204
3     142    141    140     
3     274    283    277     
3      17    206    207     
3       0     37     35     
3     207    205     57     
3     114    115      0     
3     197     82    196     
3     388    397    391     
3       2      1    206     
3     196      7    224     
3      79     15     78     
3     133    159    396     
3       3      2    206     
3       5      9    268     
3      78     16     17     
3      35    131    133     
3       4      3    206     
3       7     11    264     
3      77     17     18     
3      37    129    131     
3       5      4    206     
3       9     13    218     
3      76     18     75     
3      14    153    129     
3       6      5    206     
3      11     15    260     
3      75     18     19     
3      39    127     12     
3       7      6    206     
3      13     17    252     
3      74     19     20     
3      41    125    127     
3       8      7    206     
3      15     19    245     
3      74     21     73     
3     123    149    125     
3       9      8    206     
3      17     21    214     
3      73     22     72     
3     121    147    123     
3      10      9    206     
3      19     23    242     
3      71     22     23     
3      47    119    121     
3      11     10    206     
3      21     25    158     
3      70     23     24     
3      49    117    119     
3      12     11    206     
3      23     27    148     
3      70     25     69     
3     112    141    117     
3      13     12    206     
3      25     29    406     
3      67     26     27     
3      55    106    108     
3      14     13    206     
3      27     31    402     
3      58     55     56     
3     113    104     32     
3      15     14    206     
3      29     33    400     
3      59     55     58     
3      30    116     98     
3      16     15    206     
3      31     35    133     
3      60     53     54     
3     109     94     36     
3      17     16    206     
3      33      2      8     
3      61     53     60     
3      34    120     38     
3      17    207     18     
3      39     10      2     
3      62     53     61     
3      36    122     90     
3      18    207     19     
3      41     14     37     
3      63     51     62     
3      88    124     42     
3      19    207     20     
3      43     16     39     
3      63     50     51     
3     103     40     86     
3      20    207     21     
3      45    125     41     
3      66     48     65     
3      84    130    100     
3      21    207     22     
3      47    123     43     
3      47     27     46     
3      82     95    106     
3      22    207     23     
3      49     22     45     
3      46     28     29     
3      59     50     82     
3      23    207     24     
3      51     24     47     
3      46     29     45     
3      80     93     48     
3      24    207     25     
3      53    117     49     
3      44     29     30     
3      61     54     80     
3      25    207     26     
3      55    112     51     
3      44     30     43     
3      78     89     52     
3      26    207     27     
3      57     28     53     
3      43     31     32     
3      65     58     78     
3      27    207     28     
3      59     82     55     
3      43     32     42     
3      60     87     56     
3      28    207     29     
3      61     48     57     
3      42     32     41     
3      76     85     58     
3      29    207     30     
3      63     52     59     
3      41     33     34     
3      69     64     76     
3      30    207     31     
3      65     78     61     
3      41     34     40     
3      66     83     62     
3      31    207     32     
3      67     56     63     
3      40     34     39     
3      68     81     64     
3      32    207     33     
3      69     76     65     
3      39     34     35     
3      71     70     66     
3      33    207     34     
3      71     62     67     
3      39     35     36     
3      73     72     68     
3      34    207     35     
3      73     68     69     
3      39     36     38     
3      74     79     70     
3      35    207     36     
3      75     70     71     
3      38     36     37     
3      75     77     72     
3      36    207     37     
3      77     74     73     
3      41     32     33     
3      67     62     60     
3      37    207     38     
3      79     74     75     
3      43     30     31     
3      63     56     54     
3      38    207     39     
3      81     72     77     
3      45     29     44     
3      52     91     50     
3      39    207     40     
3      83     66     79     
3      46     27     28     
3      57     48     46     
3      40    207     41     
3      85     64     81     
3      65     48     49     
3      99     96     44     
3      41    207     42     
3      87     60     83     
3      64     50     63     
3      42    126     92     
3      42    207     43     
3      89     58     85     
3      62     51     52     
3     105     90     40     
3      43    207     44     
3      91     54     87     
3      62     52     53     
3     107     38     88     
3      44    207     45     
3      93     80     89     
3      65     50     64     
3      86    128     96     
3      45    207     46     
3      95     50     91     
3      60     54     55     
3     111     98     34     
3      46    207     47     
3      97     46     93     
3      65     49     50     
3     101     92     84     
3      47    207     48     
3      99    102     95     
3      60     55     59     
3      32    118     94     
3      48    207     49     
3     101     84     97     
3      67     48     66     
3      44    132    102     
3      49    207     50     
3     103     96     99     
3      67     47     48     
3      97    100    106     
3      50    207     51     
3     105     42    101     
3      58     56     57     
3     115    114     30     
3      51    207     52     
3     107     88    103     
3      67     27     47     
3      46    102     28     
3      52    207     53     
3     109     90    105     
3      68     26     67     
3      28    134    110     
3      53    207     54     
3     111     34    107     
3      69     26     68     
3     108    139    112     
3      54    207     55     
3     113     94    109     
3      69     25     26     
3      53    110     26     
3      55    207     56     
3     115     30    111     
3      57    205     58     
3     116    104      3     
3      56    207     57     
3       3    104    113     
3      58    205     59     
3     118     32    114     
3      70     24     25     
3      51     26     24     
3      59    205     60     
3     120     98    116     
3      71     23     70     
3      24    143     22     
3      60    205     61     
3     122     36    118     
3      72     22     71     
3      22    145     20     
3      61    205     62     
3     124     38    120     
3      73     21     22     
3     45     20     18     
3     62    205     63     
3     126     40    122    
3      74     20     21    
3      43     18     16    
3      63    205     64    
3     128     86    124    
3      75     19     74    
3      16    151     14    
3      64    205     65    
3     130     92    126     
3      77     18     76     
3      12    155     10     
3      65    205     66     
3     132     44    128     
3      78     17     77     
3      10    157      8     
3      66    205     67     
3    134    100    130     
3     78     15     16     
3      33      8      6    
3      67    205     68    
3     139    108    132    
3     197     80     81    
3     163    391    393    
3      82    205     83    
3     169    386    165    
3     194     83    193     
3     382    389    385     
3     199     80    198     
3     393    401    395     
3      68    205     69     
3     141    110    134     
3     192     84    191     
3     378    380    381     
3      69    205     70     
3     143     26    139     
3     200     15    199     
3     396    401    399     
3      70    205     71     
3     145    119    141     
3     202     13    201     
3     402    398    405     
3      71    205     72     
3     147    121    143     
3     189     85     86     
3     173    372    375     
3      72    205     73     
3     149     20    145     
3     121     11     12     
3      25    409    154     
3      73    205     74     
3     151     18    147     
3     187     87    186     
3     366    377    369     
3      74    205     75     
3     153    127    149     
3     183     88     89     
3     179    358    361     
3      75    205     76     
3     155     12    151     
3     122     11    121     
3     148    408    158     
3      76    205     77     
3     157    129    153     
3     181     90    180     
3     352    365    355     
3      77    205     78     
3     159    131    155     
3     122     10     11     
3      23    154    160     
3      78    205     79     
3     161      6    157     
3     123     10    122     
3     158    249    242     
3      79    205     80     
3     163    395    159     
3     177     91    176     
3     344    357    347     
3      80    205     81     
3     165    135    161     
3     160    159    158     
3     308    323    312     
3      81    205     82     
3     136    391    163     
3     205    206     97     
3     194    195      0     
3     158    157    156     
3     304    319    306     
3     165    105    164     
3     316    333    321     
3      83    205     84     
3     171    382    136     
3     153    108    109     
3     219    292    297     
3      84    205     85     
3     173    378    169     
3     146    145    144     
3     282    295    280     
3      85    205     86     
3     175    146    171     
3     148    147    146     
3     285    299    284     
3      86    205     87     
3     177    369    173     
3     102     92     93     
3     187    178    337     
3      87    205     88     
3     179    364    175     
3     102     93    101     
3     180    205    176     
3      88    205     89     
3     181    152    177     
3     101     93    100     
3     182    203    178     
3      89    205     90     
3     183    355    179     
3     100     93     94     
3     189    197    180     
3      90    205     91     
3     185    350    181     
3     144    143    142     
3     278    291    276     
3      91    205     92     
3     187    342    183     
3     100     95     99     
3     188    201    197     
3      92    205     93     
3     189    176    185     
3      99     95     98     
3     190    199    186     
3      93    205     94     
3     191    182    187     
3      98     95     96     
3     193    192    188     
3      94    205     95     
3     193    197    189     
3      98     96     97     
3     195    194    190     
3      95    205     96     
3     195    190    191     
3      97    206     98     
3     199    192    166     
3      96    205     97     
3     166    192    193     
3     206      1    120     
3     240    241      5     
3     100     94     95     
3     191    186    182     
3     169    103    104     
3     209    326    329     
3      98    206     99     
3     201    188    194     
3     140    139    138     
3     270    279    273     
3      99    206    100     
3     203    186    199     
3     138    137    136     
3     266    275    269     
3     100    206    101     
3     205    180    201     
3     136    135    134     
3     244    271    265     
3     101    206    102     
3     207    178    203     
3     124      9    123     
3     242    249    208     
3     102    206    103     
3     209    332    205     
3     125      9    124     
3     206    253    214     
3     103    206    104     
3     211    198    207     
3     134    133    132     
3     258    271    262     
3     104    206    105     
3     213    321    209     
3     132    131    130     
3     254    267    256     
3     105    206    106     
3     215    318    211     
3     125      8      9     
3      19    208    216     
3     106    206    107     
3     217    310    213     
3     126      8    125     
3     214    253    222     
3     107    206    108     
3     219    302    215     
3     135      4      5     
3      11    244    265     
3     108    206    109     
3     221    170    217     
3     162    161    160     
3     314    327    296     
3     109    206    110     
3     223    290    219     
3     127      8    126     
3     216    257    245     
3     110    206    111     
3     225    286    221     
3     112      1      2     
3       5    272    226     
3     111    206    112     
3     227    281    223     
3       1    112    113     
3     227    228    224     
3     112    206    113     
3     229    226    225     
3       1    113    114     
3     229    240    226     
3     113    206    114     
3     231    228    227     
3     119    114    115     
3     231    236    238     
3     114    206    115     
3     233    230    229     
3     119    116    118     
3     234    239    236     
3     115    206    116     
3     235    236    231     
3     118    116    117     
3     235    237    232     
3     116    206    117     
3     237    234    233     
3     119    115    116     
3     233    232    230     
3     117    206    118     
3     239    234    235     
3     120    114    119     
3     230    241    240     
3     118    206    119     
3     241    232    237     
3     120      1    114     
3     228    238    196     
3     119    206    120     
3     196    238    239     
3     123      9     10     
3      21    160    206     
3     173    102    172     
3     334    349    337     
3     135      5    134     
3     262    204    218     
3     127      7      8     
3      17    222    246     
3     128      7    127     
3     245    257    248     
3     204    203    202     
3     405    407    404     
3     129      7    128     
3     246    261    250     
3     124    123    122     
3     160    251    206     
3     130      7    129     
3     248    261    252     
3     204    124    122     
3     249    408    255     
3     130      6      7     
3      15    250    254     
3     126    125    124     
3     208    255    216     
3     131      6    130     
3     252    212    256     
3     204    126    124     
3     253    251    407     
3     132      6    131     
3     254    212    258     
3     128    127    126     
3     222    259    246     
3     133      6    132     
3     256    210    260     
3     202    128    126     
3     257    407    403     
3     133      5      6     
3      13    258    262     
3     130    129    128     
3     248    263    250     
3     134      5    133     
3     260    210    244     
3     138    130    128     
3     261    279    275     
3     137      3      4     
3       9    266    269     
3     136      4    135     
3     218    204    266     
3     137      4    136     
3     265    202    264     
3     136    132    130     
3     212    275    271     
3     139      2      3     
3       7    270    273     
3     138      3    137     
3     264    202    270     
3     139      3    138     
3     269    200    268     
3     136    134    132     
3     210    267    204     
3     141    112      2     
3     224    274    277     
3     140      2    139     
3     268    200    274     
3     141      2    140     
3     273      1    272     
3     138    136    130     
3     267    263    202     
3     144    112    143     
3     278    184    281     
3     142    112    141     
3     272      1    278     
3     143    112    142     
3     277    184    276     
3     140    138    128     
3     263    283    200     
3     146    111    145     
3     282    172    285     
3     144    111    112     
3     225    276    282     
3     145    111    144     
3     281    172    280     
3     142    140    128     
3     279    287      1     
3     148    110    147     
3     286    174    289     
3     147    111    146     
3     280    174    286     
3     147    110    111     
3     223    285    284     
3     198    142    128     
3     283    394    371     
3     150    109    149     
3     290    301    293     
3     149    110    148     
3     284    301    290     
3     149    109    110     
3     221    289    288     
3     154    144    142     
3     184    311    307     
3     153    109    152     
3     294    309    170     
3     151    109    150     
3     288    305    294     
3     152    109    151     
3     293    305    292     
3     152    146    144     
3     172    307    299     
3     162    106    161     
3     314    220    317     
3     154    108    153     
3     170    309    298     
3     155    108    154     
3     297    313    300     
3     152    148    146     
3     174    295    303     
3     156    108    155     
3     298    313    302     
3     150    149    148     
3     289    303    288     
3     156    107    108     
3     217    300    304     
3     152    150    148     
3     301    299    305     
3     157    107    156     
3     302    167    306     
3     152    151    150     
3     293    303    294     
3     158    107    157     
3     304    167    308     
3     154    152    144     
3     295    291    309     
3     159    107    158     
3     306    164    310     
3     154    153    152     
3     292    307    297     
3     159    106    107     
3     215    308    312     
3     156    154    142     
3     291    315    313     
3     160    106    159     
3     310    164    314     
3     156    155    154     
3     298    311    300     
3     161    106    160     
3     312    220    296     
3     184    156    142     
3     311    371    343     
3     164    105    163     
3     318    324    168     
3     163    106    162     
3     296    324    318     
3     163    105    106     
3     213    317    316     
3     170    158    156     
3     167    343    323     
3     167    104    166     
3     322    328    325     
3     165    104    105     
3     211    168    322     
3     166    104    165     
3     321    333    320     
3     170    160    158     
3     164    319    339     
3     164    163    162     
3     317    331    316     
3     168    104    167     
3     320    328    326     
3     169    104    168     
3     325    341    198     
3     168    162    160     
3     220    339    335     
3     168    167    166     
3     320    335    325     
3     170    103    169     
3     198    341    330     
3     171    103    170     
3     329    345    332     
3     166    164    162     
3     324    335    333     
3     171    102    103     
3     207    330    334     
3     166    165    164     
3     168    331    322     
3     172    102    171     
3     332    345    243     
3     168    166    162     
3     331    327    328     
3     180    172    170     
3     345    363    359     
3     173     92    102     
3     176    243    338     
3     174     92    173     
3     337    349    340     
3     170    168    160     
3     327    323    341     
3     175     92    174     
3     338    353    342     
3     170    169    168     
3     326    339    329     
3     175     91     92     
3     185    340    344     
3     184    170    156     
3     319    315    367     
3     176     91    175     
3     342    353    162     
3     172    171    170     
3     330    336    334     
3     178    176    174     
3     353    351    357     
3     178     91    177     
3     162    357    348     
3     179     91    178     
3     347    354    350     
3     174    173    172     
3     243    351    338     
3     179     90     91     
3     183    348    352     
3     178    174    172     
3     349    359    346     
3     180     90    179     
3     350    354    156     
3     176    175    174     
3     340    346    344     
3     180    179    178     
3     348    359    352     
3     181     89     90     
3     181    156    356     
3     182     89    181     
3     355    365    358     
3     178    177    176     
3     162    346    347     
3     183     89    182     
3     356    360    152     
3     180    178    172     
3     351    336    354     
3     184    183    182     
3     358    367    361     
3     184     88    183     
3     152    360    362     
3     185     88    184     
3     361    373    364     
3     182    180    170     
3     336    367    365     
3     185     87     88     
3     177    362    366     
3     182    181    180     
3     156    363    356     
3     186     87    185     
3     364    373    150     
3     184    182    170     
3     363    343    360     
3     198    186    184     
3     373    371    392     
3     187     86     87     
3     175    150    370     
3     188     86    187     
3     369    377    372     
3     198    184    142     
3     315    287    368     
3     189     86    188     
3     370    374    146     
3     186    185    184     
3     362    368    366     
3     190    189    188     
3     372    383    375     
3     190     85    189     
3     146    374    376     
3     191     85    190     
3     375    380    378     
3     188    187    186     
3     150    379    370     
3     191     84     85     
3     171    376    140     
3     194    188    186     
3     377    384    383     
3     192    191    190     
3     376    387    140     
3     193     84    192     
3     140    389    382     
3     193     83     84     
3     169    381    137     
3     194    190    188     
3     374    379    387     
3     196    194    186     
3     379    392    390     
3     195     83    194     
3     137    390    386     
3     195     82     83     
3     136    385    388     
3     194    192    190     
3     380    383    389     
3     196     82    195     
3     386    390      4     
3     194    193    192     
3     381    387    137     
3     196    195    194     
3     385    384    388     
3     197     81     82     
3     165      4    135     
3     198    196    186     
3     384    368    397     
3     198     80    197     
3     135    397    138     
3     200    198    128     
3     287    403    401     
3     199     79     80     
3     161    138    396     
3     199     15     79     
3       6    395    142     
3     198    197    196     
3       4    392    393     
3     202    201    200     
3     399    403    144     
3     201     15    200     
3     142    398    400     
3     201     14     15     
3      31    399    402     
3     200    199    198     
3     138    394    142     
3     201     13     14     
3      29    400    144     
3     202    200    128     
3     394    259    398     
3     204     12    203     
3     406    247    409     
3     203     13    202     
3     144    247    406     
3     203     12     13     
3      27    405    404     
3     204    202    126     
3     259    255    247     
3     122    121    204     
3     409    251    154     
3     204    121     12     
3     148    404    408     
  -1.99999967216457       -7.50000008742277     
  -1.24999967216457       -7.50000005463923     
 -0.499999672164574       -7.50000002185569     
  0.250000327835425       -7.49999998907215     
   1.00000032783542       -7.49999995628860     
   1.75000032783542       -7.49999992350506     
   2.50000032783542       -7.49999989072152     
   3.25000032783542       -7.49999985793798     
   4.00000032783542       -7.49999982515443     
   4.75000032783542       -7.49999979237089     
   5.50000032783542       -7.49999975958735     
   6.25000032783542       -7.49999972680381     
   7.00000032783542       -7.49999969402026     
   7.75000032783542       -7.49999966123672     
   8.50000032783542       -7.49999962845318     
   9.25000032783542       -7.49999959566964     
   10.0000003278354       -7.49999956288609     
   10.7500003278354       -7.49999953010255     
   11.5000003278354       -7.49999949731901     
   12.2500003278354       -7.49999946453547     
   13.0000003278354       -7.49999943175192     
   13.7500003278354       -7.49999939896838     
   14.5000003278354       -7.49999936618484     
   15.2500003278354       -7.49999933340130     
   16.0000003278354       -7.49999930061775     
   16.7500003278354       -7.49999926783421     
   17.5000003278354       -7.49999923505067     
   18.2500003278354       -7.49999920226713     
   19.0000003278354       -7.49999916948358     
   19.7500003278354       -7.49999913670004     
   20.5000003278354       -7.49999910391650     
   21.2500003278354       -7.49999907113296     
   22.0000003278354       -7.49999903834941     
   22.7500003278354       -7.49999900556587     
   23.5000003278354       -7.49999897278233     
   24.2500003278354       -7.49999893999879     
   25.0000003278354       -7.49999890721524     
   25.0000002950519       -6.74999890721524     
   25.0000002622683       -5.99999890721524     
   25.0000002294848       -5.24999890721524     
   25.0000001967012       -4.49999890721525     
   25.0000001639177       -3.74999890721525     
   25.0000001311341       -2.99999890721525     
   25.0000000983506       -2.24999890721525     
   25.0000000655671       -1.49999890721525     
   25.0000000327835      -0.749998907215249     
   25.0000000000000       1.092784750046611E-006
   24.9999999672164       0.750001092784749     
   24.9999999344329        1.50000109278475     
   24.9999999016493        2.25000109278475     
   24.9999998688658        3.00000109278475     
   24.9999998360823        3.75000109278475     
   24.9999998032987        4.50000109278475     
   24.9999997705152        5.25000109278474     
   24.9999997377316        6.00000109278474     
   24.9999997049481        6.75000109278474     
   24.9999996721645        7.50000109278474     
   24.2499996721645        7.50000106000120     
   23.4999996721646        7.50000102721766     
   22.7499996721646        7.50000099443412     
   21.9999996721646        7.50000096165057     
   21.2499996721646        7.50000092886703     
   20.4999996721646        7.50000089608349     
   19.7499996721646        7.50000086329995     
   18.9999996721646        7.50000083051640     
   18.2499996721646        7.50000079773286     
   17.4999996721646        7.50000076494932     
   16.7499996721646        7.50000073216578     
   15.9999996721646        7.50000069938223     
   15.2499996721646        7.50000066659869     
   14.4999996721646        7.50000063381515     
   13.7499996721646        7.50000060103161     
   12.9999996721646        7.50000056824806     
   12.2499996721646        7.50000053546452     
   11.4999996721646        7.50000050268098     
   10.7499996721646        7.50000046989744     
   9.99999967216457        7.50000043711389     
   9.24999967216457        7.50000040433035     
   8.49999967216457        7.50000037154681     
   7.74999967216457        7.50000033876327     
   6.99999967216457        7.50000030597972     
   6.24999967216457        7.50000027319618     
   5.49999967216457        7.50000024041264     
   4.74999967216457        7.50000020762910     
   3.99999967216457        7.50000017484555     
   3.24999967216457        7.50000014206201     
   2.49999967216457        7.50000010927847     
   1.74999967216457        7.50000007649493     
  0.999999672164574        7.50000004371138     
  0.249999672164575        7.50000001092784     
 -0.500000327835424        7.49999997814430     
  -1.25000032783542        7.49999994536076     
  -2.00000032783542        7.49999991257721     
  -2.75000032783542        7.49999987979367     
  -3.50000032783542        7.49999984701013     
  -4.25000032783542        7.49999981422659     
  -5.00000032783542        7.49999978144304     
  -5.00000029505188        6.74999978144304     
  -5.00000026226834        5.99999978144304     
  -5.00000022948479        5.24999978144304     
  -5.00000019670125        4.49999978144305     
  -5.00000016391771        3.74999978144305     
  -5.00000013113417        2.99999978144305     
  -5.00000009835062        2.24999978144305     
  -5.00000006556708        1.49999978144305     
  -5.00000003278354       0.749999781443049     
  -5.00000000000000      -2.185569500093222E-007
  -4.99999996721645      -0.750000218556949     
  -4.99999993443291       -1.50000021855695     
  -4.99999990164937       -2.25000021855695     
  -4.99999986886583       -3.00000021855695     
  -4.99999983608228       -3.75000021855695     
  -4.99999980329874       -4.50000021855695     
  -4.99999977051520       -5.25000021855694     
  -4.99999973773166       -6.00000021855694     
  -4.99999970494811       -6.75000021855694     
  -4.99999967216457       -7.50000021855694     
  -4.24999967216457       -7.50000018577340     
  -3.49999967216457       -7.50000015298986     
  -2.74999967216457       -7.50000012020632     
  0.918416517281734      -0.395359959854738     
  0.883838020177287      -0.461602461366212     
  0.849259523072838      -0.527844962877686     
  0.805159275709541      -0.588165714805369     
  0.761059028346245      -0.648486466733053     
  0.708450030665331      -0.701540969032665     
  0.655841032984418      -0.754595471332278     
  0.595945034936569      -0.799255473950415     
  0.536049036888719      -0.843915476568552     
  0.470187038430867      -0.879195729447472     
  0.404325039973017      -0.914475982326391     
  0.333927541068074      -0.939527985403564     
  0.263530042163132      -0.964579988480736     
  0.190174042785396      -0.978815741687229     
  0.116818043407662      -0.993051494893722     
  4.216279354389809E-002 -0.996168248157007     
 -3.249245631986365E-002 -0.999285001420291     
 -0.106771956671401      -0.991242754667152     
 -0.181051457022940      -0.983200507914012     
 -0.253303207853565      -0.964198011072236     
 -0.325554958684190      -0.945195514230461     
 -0.394173709975436      -0.915655267229882     
 -0.462792461266680      -0.886115020229303     
 -0.526248712990123      -0.846687273003064     
 -0.589704964713565      -0.807259525776824     
 -0.646592466830530      -0.758829028263456     
 -0.703479968947492      -0.710398530750088     
 -0.752580221409438      -0.654075782896328     
 -0.801680473871385      -0.597753035042568     
 -0.841648476630961      -0.534621286789625     
 -0.881616479390537      -0.471489538536682     
 -0.911798232377906      -0.403146539855968     
 -0.941979985365274      -0.334803541175255     
 -0.961658988515532      -0.262734042035451     
 -0.981337991665790      -0.190664542895648     
 -0.990066994908966      -0.116469293277205     
 -0.998795998152144      -4.227404365876145E-002
 -0.996389001416074       3.239595644645180E-002
 -0.993982004680002       0.107065956551665     
 -0.980491507892166       0.180551707141353     
 -0.967001011104331       0.254037457731042     
 -0.942708764193034       0.324698708792890     
 -0.918416517281734       0.395359959854738     
 -0.883838020177287       0.461602461366212     
 -0.849259523072838       0.527844962877686     
 -0.805159275709541       0.588165714805369     
 -0.761059028346245       0.648486466733053     
 -0.708449780665342       0.701541219032676     
 -0.655840532984439       0.754595971332299     
 -0.595944784936580       0.799255723950426     
 -0.536049036888719       0.843915476568552     
 -0.470187038430878       0.879195979447472     
 -0.404325039973039       0.914476482326391     
 -0.333927291068086       0.939528235403575     
 -0.263529542163133       0.964579988480758     
 -0.190173792785407       0.978815991687240     
 -0.116818043407683       0.993051994893722     
 -4.216279354390902E-002  0.996168498157007     
  3.249245631986365E-002  0.999285001420291     
  0.106772206671402       0.991242754667162     
  0.181051957022940       0.983200507914034     
  0.253303707853566       0.964198011072258     
  0.325555458684191       0.945195514230483     
  0.394173959975435       0.915655267229892     
  0.462792461266680       0.886115020229303     
  0.526248712990123       0.846687273003064     
  0.589704964713565       0.807259525776824     
  0.646592466830530       0.758829028263456     
  0.703479968947494       0.710398530750088     
  0.752580221409438       0.654075782896328     
  0.801680473871385       0.597753035042568     
  0.841648476630961       0.534621286789625     
  0.881616479390537       0.471489538536682     
  0.911798232377906       0.403146539855968     
  0.941979985365274       0.334803541175255     
  0.961658988515532       0.262734042035451     
  0.981337991665790       0.190664542895648     
  0.990066994908966       0.116469293277205     
  0.998795998152144       4.227404365876145E-002
  0.996388751416073      -3.239595644646272E-002
  0.993981504680003      -0.107065956551687     
  0.980491257892167      -0.180551707141364     
  0.967001011104331      -0.254037457731042     
  0.942708764193032      -0.324698708792890     
   9.99999999999999        30.0000010927847     
  -50.0000013113416       -30.0000002185569     
   70.0000013113416       -30.0000002185569     